      0/99     3.16G    0.0658   0.01581         0   0.08161         0       640   0.02013    0.4853   0.01409  0.002815     0.106   0.01542         0
      1/99     3.32G   0.05813    0.0105         0   0.06864         2       640   0.04132    0.1324   0.02356  0.005387   0.09712   0.00988         0
      2/99     3.32G   0.05244  0.007761         0    0.0602         3       640    0.1464    0.6324    0.1345   0.04437   0.08431  0.007899         0
      3/99     3.32G   0.05418  0.006032         0   0.06022         1       640    0.3491    0.4853    0.2644   0.06223    0.1059  0.006788         0
      4/99     3.32G   0.03721  0.005014         0   0.04222         3       640    0.2545    0.6471    0.2322   0.05025   0.07778  0.006166         0
      5/99     3.32G   0.04633   0.00465         0   0.05098         1       640    0.2743      0.25    0.2009    0.0343   0.08872  0.005641         0
      6/99     3.32G   0.04295  0.003994         0   0.04695         1       640   0.01736   0.04412  0.003286 0.0005448    0.0989  0.005214         0
      7/99     3.32G   0.04317  0.003732         0   0.04691         1       640   0.01689    0.4853    0.0147  0.002536    0.1104  0.005915         0
      8/99     3.32G   0.04051  0.003921         0   0.04443         1       640    0.1533    0.1471   0.05787   0.01282   0.09972  0.004659         0
      9/99     3.32G   0.04049   0.00351         0     0.044         2       640   0.01341    0.6912   0.01161  0.001946    0.1185  0.004005         0
     10/99     3.32G   0.04888  0.002982         0   0.05186         2       640         0         0         0         0    0.1468    0.1924         0
     11/99     3.32G    0.0444  0.003395         0    0.0478         1       640  0.001711   0.01471 3.424e-05 9.522e-06    0.1152  0.009539         0
     12/99     3.32G   0.05524  0.003696         0   0.05894         2       640   0.06529   0.08824   0.01369  0.002129    0.1109  0.009167         0
     13/99     3.32G   0.05134  0.003814         0   0.05516         0       640   0.01341    0.1618  0.006992 0.0009912    0.1091  0.004272         0
     14/99     3.32G   0.06022  0.003303         0   0.06353         2       640   0.07025      0.25   0.04661  0.009931   0.08455  0.006612         0
     15/99     3.32G     0.052   0.00382         0   0.05582         1       640   0.00171   0.08824 0.0002073 3.853e-05    0.1212   0.06828         0
     16/99     3.32G   0.05519  0.003582         0   0.05878         0       640   0.05869    0.4265   0.03488  0.009056   0.09694  0.008156         0
     17/99     3.32G   0.05824  0.003816         0   0.06205         1       640   0.03914   0.02941   0.00545  0.001545     0.112  0.006089         0
     18/99     3.32G   0.05174  0.003767         0   0.05551         1       640         0         0         0         0    0.1274  0.006993         0
     19/99     3.32G   0.05119  0.003736         0   0.05493         0       640         0         0         0         0    0.1264   0.01969         0
     20/99     3.32G    0.0552  0.003608         0   0.05881         2       640  0.000151   0.01471 3.383e-06 3.383e-07    0.1221  0.004231         0
     21/99     3.32G   0.04745  0.004526         0   0.05198         1       640    0.1153   0.07353   0.01643  0.004283    0.1036  0.005429         0
     22/99     3.32G   0.04702  0.004166         0   0.05119         0       640    0.1288    0.9412    0.1418   0.03084   0.06713  0.006734         0
     23/99     3.32G   0.04734  0.004274         0   0.05161         1       640    0.1515    0.7647    0.1757   0.02346   0.07859  0.005631         0
     24/99     3.32G   0.04932  0.004556         0   0.05387         0       640    0.5255    0.2647    0.3027   0.06724   0.07001  0.006165         0
     25/99     3.32G     0.043   0.00481         0   0.04781         1       640    0.1499    0.8676    0.2387   0.07456   0.05393  0.008017         0
     26/99     3.32G   0.03836  0.005562         0   0.04392         4       640    0.1888    0.8676    0.3214   0.09516   0.04964  0.008366         0
     27/99     3.32G   0.04057  0.004917         0   0.04549         1       640    0.3034    0.9118    0.3089    0.1461   0.04974  0.007704         0
     28/99     3.32G   0.03708  0.005068         0   0.04215         2       640    0.2717    0.8339    0.3039    0.1025   0.04518  0.008115         0
     29/99     3.32G   0.03834  0.005336         0   0.04368         0       640    0.3697    0.9118    0.3672    0.1009   0.04839  0.007365         0
     30/99     3.32G   0.03545  0.004853         0    0.0403         2       640    0.3504    0.8676    0.3446    0.1386   0.04176  0.007962         0
     31/99     3.32G   0.03503  0.005183         0   0.04021         2       640    0.3534    0.9265    0.3509    0.1198   0.04263  0.007844         0
     32/99     3.32G   0.03974   0.00544         0   0.04518         4       640    0.4508    0.9417    0.4745    0.2538   0.05942   0.00697         0
     33/99     3.32G   0.03304  0.005245         0   0.03829         3       640    0.4839    0.9265    0.4998    0.2296    0.0648  0.006647         0
     34/99     3.32G    0.0321  0.005339         0   0.03744         1       640    0.6077    0.7206    0.5786    0.1856    0.0528  0.006997         0
     35/99     3.32G   0.03548  0.005635         0   0.04111         2       640    0.5652    0.6176    0.4609    0.1578    0.0627  0.006704         0
     36/99     3.32G   0.03376  0.005526         0   0.03929         1       640    0.6786    0.9412    0.6934    0.4201   0.05744  0.006768         0
     37/99     3.32G   0.03457  0.005067         0   0.03964         1       640    0.7413    0.9412    0.7534    0.3803   0.06026    0.0065         0
     38/99     3.32G   0.03459  0.004891         0   0.03948         3       640    0.7965    0.9265    0.8179    0.4582   0.06223  0.006432         0
     39/99     3.32G   0.03224  0.004942         0   0.03718         1       640    0.8266    0.9112    0.8483    0.5744   0.06247  0.006364         0
     40/99     3.32G   0.03299  0.005244         0   0.03823         2       640     0.814    0.9706    0.8803    0.5684   0.05963  0.006388         0
     41/99     3.32G   0.03096   0.00516         0   0.03612         1       640    0.8461    0.9701    0.9054    0.5166   0.05594  0.006371         0
     42/99     3.32G   0.03012  0.005133         0   0.03526         1       640    0.7857    0.9853    0.8251    0.5956    0.0479  0.006493         0
     43/99     3.32G     0.029  0.005105         0    0.0341         2       640    0.9038    0.9706    0.9236    0.7253   0.04796  0.006337         0
     44/99     3.32G   0.02849   0.00484         0   0.03333         1       640    0.9417    0.9706    0.9652    0.7035    0.0531  0.006139         0
     45/99     3.32G   0.03145  0.004704         0   0.03615         1       640    0.9662    0.9853    0.9787    0.6786   0.05565  0.006047         0
     46/99     3.32G   0.03045  0.004819         0   0.03527         1       640    0.9187         1    0.9431    0.6698   0.05615  0.005924         0
     47/99     3.32G   0.02912  0.004634         0   0.03376         1       640    0.9186         1    0.9433     0.731   0.05482  0.005841         0
     48/99     3.32G   0.02702  0.004902         0   0.03192         1       640    0.9067         1    0.9493    0.6921   0.05129  0.005949         0
     49/99     3.32G   0.02856  0.004795         0   0.03335         0       640    0.9436     0.985    0.9744    0.7218    0.0507   0.00592         0
     50/99     3.32G   0.02672  0.004681         0   0.03141         1       640    0.9564    0.9853    0.9776    0.7426   0.04496  0.005997         0
     51/99     3.32G   0.02702  0.004931         0   0.03195         1       640    0.9188         1    0.9338    0.6837    0.0485  0.005839         0
     52/99     3.32G   0.02529  0.004425         0   0.02971         3       640    0.9188         1     0.953    0.7023   0.05129  0.005675         0
     53/99     3.32G   0.02599  0.004773         0   0.03076         1       640    0.9314         1    0.9479    0.7322   0.04794  0.005684         0
     54/99     3.32G    0.0278  0.004709         0   0.03251         2       640    0.9315         1    0.9686     0.607   0.04568  0.005691         0
     55/99     3.32G   0.02898  0.004409         0   0.03339         0       640    0.9571    0.9851    0.9893    0.7431   0.04109    0.0058         0
     56/99     3.32G    0.0274  0.004673         0   0.03207         2       640    0.9714    0.9991    0.9861    0.7912   0.04065  0.005772         0
     57/99     3.32G   0.02511  0.004481         0   0.02959         3       640    0.9713         1    0.9912     0.784   0.04596  0.005646         0
     58/99     3.32G   0.02498  0.004576         0   0.02956         0       640    0.9711         1      0.99    0.8016    0.0463  0.005614         0
     59/99     3.32G   0.02546   0.00446         0   0.02992         1       640    0.9577         1    0.9925    0.7728   0.04809  0.005605         0
     60/99     3.32G    0.0241  0.004633         0   0.02873         1       640    0.9849         1    0.9927    0.8089   0.04533   0.00559         0
     61/99     3.32G   0.02599  0.004551         0   0.03054         0       640    0.9557         1    0.9836    0.7865   0.03914  0.005689         0
     62/99     3.32G   0.02686  0.004352         0   0.03121         2       640    0.9854         1    0.9931     0.774    0.0357  0.005682         0
     63/99     3.32G    0.0232  0.004672         0   0.02787         2       640         1    0.9998     0.995    0.7922     0.034  0.005654         0
     64/99     3.32G   0.02259  0.004536         0   0.02713         4       640         1         1     0.995     0.823   0.03172  0.005679         0
     65/99     3.32G    0.0229  0.004531         0   0.02743         0       640    0.9998         1     0.995    0.8142   0.03121  0.005668         0
     66/99     3.32G   0.02415  0.004432         0   0.02858         1       640         1    0.9994     0.995    0.7806   0.03166  0.005657         0
     67/99     3.32G   0.02133   0.00448         0   0.02581         1       640    0.9998         1     0.995    0.8141   0.03085  0.005634         0
     68/99     3.32G   0.02244  0.004454         0   0.02689         1       640    0.9997         1     0.995    0.8155   0.03053   0.00564         0
     69/99     3.32G   0.02283  0.004104         0   0.02693         4       640    0.9997         1     0.995     0.839   0.02956  0.005644         0
     70/99     3.32G   0.02116  0.004012         0   0.02517         1       640         1         1     0.995    0.8068   0.03012  0.005582         0
     71/99     3.32G   0.02341  0.004351         0   0.02776         2       640    0.9855         1    0.9943    0.7865   0.03076  0.005518         0
     72/99     3.32G   0.02018  0.004492         0   0.02467         0       640         1    0.9987     0.995    0.8221   0.02942  0.005566         0
     73/99     3.32G   0.02088  0.004407         0   0.02528         1       640    0.9854         1    0.9949    0.8351   0.02856  0.005592         0
     74/99     3.32G   0.02157  0.004146         0   0.02572         1       640         1         1     0.995    0.8219   0.02845   0.00557         0
     75/99     3.32G   0.02262  0.004302         0   0.02692         1       640    0.9999         1     0.995    0.8269   0.02766  0.005573         0
     76/99     3.32G   0.02308  0.004342         0   0.02742         2       640    0.9999         1     0.995    0.8463   0.02746  0.005488         0
     77/99     3.32G   0.02178  0.004529         0   0.02631         1       640    0.9999         1     0.995    0.8268   0.02764  0.005434         0
     78/99     3.32G   0.01989  0.004387         0   0.02427         2       640         1         1     0.995    0.8435   0.02641  0.005493         0
     79/99     3.32G   0.01902  0.004111         0   0.02313         1       640         1         1     0.995    0.8138   0.02668  0.005519         0
     80/99     3.32G    0.0211  0.004802         0    0.0259         2       640         1         1     0.995    0.8326   0.02692   0.00546         0
     81/99     3.32G   0.02152  0.004243         0   0.02576         1       640         1         1     0.995    0.8417   0.02602    0.0055         0
     82/99     3.32G   0.02016  0.004729         0   0.02489         1       640         1         1     0.995    0.8368   0.02653  0.005421         0
     83/99     3.32G   0.02003  0.004194         0   0.02422         0       640         1         1     0.995    0.8335   0.02608  0.005413         0
     84/99     3.32G   0.02214  0.004401         0   0.02654         3       640         1         1     0.995    0.8381   0.02597   0.00536         0
     85/99     3.32G   0.01996  0.004017         0   0.02398         0       640         1         1     0.995    0.8493    0.0258  0.005339         0
     86/99     3.32G   0.01808  0.004309         0   0.02239         1       640         1         1     0.995    0.8624    0.0254  0.005376         0
     87/99     3.32G   0.01925  0.004305         0   0.02356         2       640         1         1     0.995    0.8336   0.02535  0.005385         0
     88/99     3.32G   0.01975  0.004503         0   0.02425         2       640         1         1     0.995    0.8285   0.02596   0.00534         0
     89/99     3.32G   0.01705  0.004251         0    0.0213         0       640         1         1     0.995    0.8373   0.02538  0.005331         0
     90/99     3.32G   0.02041  0.004561         0   0.02498         2       640         1         1     0.995    0.8446    0.0252  0.005318         0
     91/99     3.32G   0.02056  0.004242         0    0.0248         1       640         1         1     0.995    0.8384   0.02542  0.005271         0
     92/99     3.32G   0.01955  0.004196         0   0.02375         1       640         1         1     0.995    0.8476   0.02482  0.005284         0
     93/99     3.32G   0.01891  0.004096         0     0.023         3       640         1         1     0.995    0.8603   0.02472  0.005247         0
     94/99     3.32G   0.02037  0.004008         0   0.02437         1       640         1         1     0.995    0.8537   0.02486  0.005212         0
     95/99     3.32G    0.0187  0.004029         0   0.02273         1       640         1         1     0.995    0.8522   0.02487  0.005205         0
     96/99     3.32G   0.01806  0.003982         0   0.02204         1       640         1         1     0.995    0.8417   0.02517  0.005189         0
     97/99     3.32G   0.01936  0.004017         0   0.02337         0       640         1         1     0.995    0.8499   0.02547   0.00509         0
     98/99     3.32G   0.01817  0.004407         0   0.02257         1       640         1         1     0.995    0.8374   0.02446  0.005116         0
     99/99     3.32G   0.01683  0.003912         0   0.02074         1       640         1         1     0.995    0.8382   0.02429  0.005113         0
